##BLOCKS= 6          
Note:
PROTOCOL REVISION HISTORY:
v1.0.0: Basic endpoint ELISA protocol with absorbance at 405 nm (MDC)
v1.0.1: 06/30/05 - Updated, spell checked, & formatted to new style guide. (CO)
v1.0.2: 10/03/05 - Updated Reader Suitability section for v5.0 release. (DW)

READER SUITABILITY:
EMax, UVMax, VMax, ThermoMax, VersaMax
SpectraMax, Plus, Plus 384
SpectraMax 190, 340PC, 340PC 384
SpectraMax M2, SpectraMax M5
~End
Note:
ELISA with AP and pNPP

Unfamiliar with SoftMax Pro software?
If you are new to SoftMax Pro software, we strongly recommended spending time familiarizing yourself with the powerful features by completing at least one of the tutorials located in the Tutorials folder.

Protocol Use
1. Delete any sections you do not want (for example, select a section and delete it through the Edit menu).
2. Make any changes you wish to the Instrument Settings by pressing [Setup] (it is assumed you have an instrument connected).
3. Click the [Template] button and assign any default or new groups as necessary (you can also select replicates there).  You can print the assigned template to help prepare your microplate.
4. Select the desired Reduction and Display (Raw vs. Reduced) parameters.
5. Save this protocol with a desired name in the same folder as the SoftMax Pro application. This modified protocol can now be accessed through the Protocols menu. A copy of the original protocol can be found in the original location unless you saved over it.
~End
Plate:	Plate01	1.3	PlateFormat	Kinetic	Absorbance	Raw	FALSE	46	5400	120				1	405	1	12	96	1	8	None	
Time(hh:mm:ss)	Temperature(¡C)	1	2	3	4	5	6	7	8	9	10	11	12		
0:00	36.80	0.0549	0.0548	0.0557	0.0553	0.055	0.0551	0.0556	0.0542	0.0556	0.0566	0.0561	0.0562		
		0.0558	0.0466	1.3296	0.0549	0.0538	0.0532	0.0533	0.0547	0.0547	0.0576	0.0546	0.056		
		0.0556	0.0456	1.4441	0.054	0.0551	0.0527	0.0536	0.0562	0.0544	0.0542	0.0546	0.0558		
		0.0556	0.0466	1.2963	0.0552	0.0542	0.0561	0.054	0.0545	0.0543	0.0541	0.0536	0.0563		
		0.0558	0.0465	1.3378	0.0539	0.0571	0.0547	0.0546	0.0553	0.0564	0.056	0.0548	0.0573		
		0.0558	0.046	1.3195	0.0555	0.057	0.0561	0.0562	0.0563	0.0543	0.0554	0.0545	0.0566		
		0.0558	0.0466	1.3941	0.0551	0.0543	0.0572	0.0563	0.056	0.0561	0.054	0.0542	0.0562		
		0.0561	0.0554	0.0565	0.0569	0.0556	0.0561	0.0559	0.0555	0.0566	0.0579	0.0558	0.0559		
		
2:00	37.20	0.0547	0.0547	0.0557	0.0551	0.0549	0.0553	0.0557	0.0541	0.0556	0.0567	0.056	0.0562		
		0.0558	0.0466	1.3324	0.0549	0.0538	0.0531	0.0533	0.0546	0.0546	0.0578	0.0545	0.056		
		0.0556	0.0456	1.3969	0.054	0.0551	0.0528	0.0535	0.0564	0.0542	0.0542	0.0544	0.0556		
		0.0554	0.0464	1.2885	0.0552	0.0543	0.0561	0.0541	0.0545	0.0544	0.0541	0.0539	0.056		
		0.0556	0.0466	1.3401	0.0539	0.0571	0.0546	0.0547	0.0554	0.0566	0.0562	0.0549	0.0572		
		0.0557	0.046	1.3116	0.0554	0.057	0.0562	0.0564	0.0564	0.0545	0.0556	0.0547	0.0568		
		0.0557	0.0466	1.3889	0.0552	0.0545	0.0575	0.0564	0.0562	0.0562	0.0544	0.0545	0.0564		
		0.056	0.0553	0.0565	0.0569	0.0558	0.0562	0.0561	0.0555	0.0566	0.0583	0.056	0.0561		
		
4:00	37.00	0.0546	0.0547	0.0556	0.0552	0.0548	0.055	0.0558	0.0542	0.0556	0.0566	0.056	0.0563		
		0.0557	0.0467	1.3331	0.0548	0.0537	0.0532	0.0533	0.0546	0.0546	0.0575	0.0545	0.056		
		0.0556	0.0456	1.3859	0.0539	0.0551	0.0525	0.0534	0.0564	0.0542	0.0542	0.0543	0.0556		
		0.0553	0.0466	1.3068	0.0552	0.0541	0.0559	0.054	0.0543	0.0542	0.054	0.0536	0.0562		
		0.0557	0.0469	1.3455	0.0539	0.057	0.0546	0.0547	0.0553	0.0566	0.0559	0.0547	0.0574		
		0.0557	0.0462	1.324	0.0554	0.0569	0.0561	0.0561	0.0563	0.0542	0.0556	0.0545	0.0568		
		0.0558	0.0467	1.3956	0.0553	0.0544	0.0575	0.0563	0.0561	0.0561	0.054	0.0541	0.0562		
		0.0562	0.0554	0.0567	0.0569	0.0558	0.0563	0.0561	0.0556	0.0568	0.0583	0.0559	0.056		
		
6:00	37.00	0.0547	0.0547	0.0556	0.0552	0.0549	0.0551	0.0558	0.0541	0.0556	0.0565	0.056	0.0562		
		0.0556	0.0463	1.3387	0.0548	0.0536	0.0532	0.0533	0.0546	0.0546	0.0577	0.0544	0.056		
		0.0555	0.0453	1.4249	0.0538	0.055	0.0527	0.0534	0.0563	0.0543	0.0542	0.0542	0.0557		
		0.0554	0.0464	1.3225	0.0551	0.0542	0.0561	0.0541	0.0545	0.0543	0.0543	0.0537	0.0563		
		0.0556	0.0465	1.3469	0.0537	0.057	0.0546	0.0547	0.0553	0.0566	0.0562	0.0549	0.0573		
		0.0557	0.0459	1.333	0.0554	0.057	0.0561	0.0562	0.0563	0.0544	0.0555	0.0547	0.057		
		0.0557	0.0464	1.3977	0.0552	0.0545	0.0575	0.0563	0.0561	0.0562	0.0543	0.0545	0.0563		
		0.0559	0.0553	0.0563	0.057	0.0559	0.0562	0.0561	0.0556	0.0567	0.0584	0.0559	0.0561		
		
8:00	37.00	0.0546	0.0545	0.0555	0.0551	0.0548	0.055	0.0556	0.0541	0.0555	0.0565	0.056	0.0562		
		0.0556	0.0467	1.3421	0.0548	0.0536	0.0531	0.0532	0.0547	0.0544	0.0575	0.0544	0.056		
		0.0553	0.0459	1.4378	0.0537	0.055	0.0524	0.0534	0.0562	0.0542	0.0542	0.0541	0.0556		
		0.0554	0.0467	1.3342	0.0552	0.054	0.0559	0.054	0.0544	0.054	0.054	0.0536	0.0562		
		0.0557	0.0468	1.3527	0.0539	0.057	0.0547	0.0548	0.0552	0.0564	0.0559	0.0546	0.0573		
		0.0557	0.0463	1.3399	0.0553	0.0569	0.0561	0.056	0.0563	0.0541	0.0554	0.0543	0.0568		
		0.0557	0.0465	1.4035	0.0552	0.0544	0.0573	0.0563	0.0561	0.056	0.0539	0.0541	0.0562		
		0.0561	0.0554	0.0564	0.0569	0.0559	0.0563	0.0559	0.0555	0.0565	0.058	0.0558	0.056		
		
10:00	37.00	0.0547	0.0546	0.0556	0.0551	0.0547	0.0551	0.0556	0.0541	0.0555	0.0564	0.0559	0.0561		
		0.0555	0.0464	1.3427	0.0547	0.0536	0.0531	0.0532	0.0547	0.0545	0.0578	0.0543	0.0559		
		0.0554	0.0455	1.4511	0.0537	0.055	0.0527	0.0534	0.0563	0.054	0.0542	0.054	0.0556		
		0.0553	0.0464	1.3407	0.0552	0.0541	0.0559	0.0541	0.0544	0.0542	0.0541	0.0537	0.0559		
		0.0557	0.0465	1.3517	0.0538	0.0569	0.0547	0.0548	0.0553	0.0566	0.056	0.0548	0.0572		
		0.0556	0.0459	1.341	0.0553	0.0569	0.0561	0.0563	0.0565	0.0542	0.0556	0.0545	0.0567		
		0.0556	0.0464	1.4019	0.0551	0.0544	0.0573	0.0563	0.056	0.0561	0.0543	0.0545	0.0562		
		0.056	0.0552	0.0589	0.0567	0.0558	0.0562	0.0559	0.0555	0.0566	0.0586	0.0559	0.056		
		
12:00	37.00	0.0545	0.0547	0.0554	0.055	0.0548	0.055	0.0556	0.0541	0.0555	0.0565	0.0558	0.0562		
		0.0555	0.0466	1.3403	0.0546	0.0535	0.0531	0.053	0.0546	0.0546	0.0575	0.0545	0.0561		
		0.0554	0.0457	1.4562	0.0538	0.0548	0.0526	0.0533	0.0561	0.0541	0.0541	0.0543	0.0555		
		0.0553	0.0467	1.3409	0.0551	0.0539	0.0558	0.054	0.0543	0.0543	0.054	0.0537	0.0561		
		0.0556	0.0467	1.3535	0.0536	0.0568	0.0546	0.0546	0.0553	0.0564	0.056	0.0548	0.0572		
		0.0556	0.0464	1.3396	0.0553	0.0569	0.056	0.0561	0.0562	0.0542	0.0554	0.0544	0.0567		
		0.0557	0.0465	1.4023	0.0551	0.0544	0.0574	0.0561	0.0561	0.0561	0.054	0.0543	0.0562		
		0.0561	0.0552	0.0587	0.0567	0.0558	0.0561	0.056	0.0555	0.0565	0.0582	0.0557	0.056		
		
14:00	37.00	0.0546	0.0545	0.0554	0.0548	0.0546	0.0549	0.0556	0.054	0.0555	0.0563	0.0558	0.056		
		0.0556	0.0467	1.3377	0.0547	0.0536	0.0532	0.0531	0.0546	0.0545	0.0577	0.0545	0.0559		
		0.0554	0.0457	1.4546	0.0539	0.055	0.0527	0.0534	0.056	0.0541	0.0541	0.0541	0.0556		
		0.0553	0.0467	1.3371	0.0553	0.0541	0.0559	0.0541	0.0543	0.0543	0.054	0.0534	0.056		
		0.0556	0.0465	1.3515	0.054	0.057	0.0546	0.0546	0.0554	0.0563	0.056	0.0546	0.0571		
		0.0557	0.0459	1.3367	0.0554	0.0569	0.0561	0.0561	0.0564	0.0542	0.0555	0.0545	0.0566		
		0.0556	0.0463	1.3983	0.0552	0.0547	0.0574	0.0563	0.0559	0.0562	0.0542	0.0541	0.056		
		0.0559	0.0552	0.0587	0.0566	0.0559	0.0563	0.0559	0.0554	0.0565	0.0585	0.0559	0.0562		
		
16:00	37.00	0.0546	0.0545	0.0555	0.055	0.0547	0.055	0.0555	0.0542	0.0556	0.0565	0.056	0.056		
		0.0555	0.0465	1.3346	0.0547	0.0535	0.053	0.0532	0.0545	0.0546	0.0577	0.0545	0.0558		
		0.0553	0.0453	1.4586	0.0538	0.0548	0.0524	0.0533	0.0561	0.0541	0.0542	0.0542	0.0555		
		0.0553	0.0464	1.3343	0.055	0.054	0.0559	0.0541	0.0543	0.0543	0.0541	0.0538	0.056		
		0.0557	0.0465	1.3501	0.0537	0.0569	0.0546	0.0547	0.0553	0.0566	0.056	0.0548	0.0573		
		0.0555	0.0461	1.3347	0.055	0.0568	0.056	0.0561	0.0564	0.0542	0.0556	0.0545	0.0568		
		0.0556	0.0465	1.3943	0.0549	0.0544	0.0573	0.0562	0.0561	0.0562	0.0542	0.0543	0.0561		
		0.0559	0.0551	0.059	0.0567	0.0557	0.0561	0.0558	0.0553	0.0565	0.0583	0.0559	0.0561		
		
18:00	37.00	0.0546	0.0546	0.0555	0.055	0.0547	0.055	0.0556	0.0541	0.0555	0.0565	0.0558	0.0562		
		0.0556	0.0469	1.3326	0.0548	0.0537	0.0531	0.0531	0.0546	0.0546	0.0577	0.0545	0.0558		
		0.0555	0.0459	1.4536	0.0539	0.0551	0.0525	0.0533	0.0561	0.054	0.0542	0.0543	0.0556		
		0.0553	0.047	1.3327	0.0553	0.0541	0.0559	0.054	0.0543	0.0541	0.0541	0.0536	0.0561		
		0.0557	0.047	1.3514	0.054	0.0571	0.0546	0.0547	0.0554	0.0563	0.056	0.0547	0.0572		
		0.0556	0.0464	1.3331	0.0555	0.0569	0.0562	0.0562	0.0564	0.0541	0.0553	0.0544	0.0567		
		0.0558	0.0467	1.3953	0.0552	0.0545	0.0574	0.0564	0.056	0.0561	0.054	0.0541	0.0561		
		0.0561	0.0553	0.0587	0.0568	0.0559	0.0563	0.056	0.0555	0.0566	0.0583	0.0558	0.0561		
		
20:00	37.00	0.0546	0.0547	0.0556	0.0551	0.0547	0.0549	0.0555	0.0541	0.0555	0.0564	0.0559	0.0562		
		0.0557	0.0465	1.3316	0.0549	0.0537	0.0531	0.0532	0.0546	0.0547	0.058	0.0545	0.0559		
		0.0554	0.0455	1.4557	0.0537	0.0551	0.0527	0.0535	0.0562	0.0541	0.0542	0.0542	0.0556		
		0.0553	0.0465	1.3306	0.0553	0.0542	0.0561	0.0542	0.0545	0.0544	0.0542	0.0537	0.0562		
		0.0557	0.0464	1.3485	0.0539	0.057	0.0547	0.0549	0.0555	0.0567	0.0562	0.0549	0.0573		
		0.0556	0.0462	1.3321	0.0554	0.0569	0.0561	0.0563	0.0565	0.0544	0.0557	0.0548	0.0569		
		0.0556	0.0464	1.3923	0.055	0.0545	0.0575	0.0564	0.056	0.0563	0.0543	0.0545	0.0564		
		0.0561	0.0552	0.059	0.0568	0.0559	0.0562	0.056	0.0555	0.0566	0.0588	0.056	0.0562		
		
22:00	37.00	0.0545	0.0546	0.0555	0.055	0.0547	0.0551	0.0556	0.0542	0.0555	0.0565	0.0558	0.0561		
		0.0555	0.0465	1.3308	0.0546	0.0536	0.0531	0.0531	0.0545	0.0546	0.0577	0.0544	0.0559		
		0.0554	0.0457	1.4583	0.0537	0.055	0.0523	0.0533	0.0562	0.0541	0.0542	0.0541	0.0554		
		0.0553	0.0467	1.3306	0.0552	0.0541	0.0558	0.054	0.0543	0.0542	0.0541	0.0537	0.0562		
		0.0556	0.0467	1.3498	0.0538	0.0569	0.0545	0.0547	0.0553	0.0565	0.0561	0.0548	0.0572		
		0.0556	0.0466	1.333	0.0552	0.0569	0.056	0.056	0.0562	0.0541	0.0555	0.0544	0.0568		
		0.0557	0.0466	1.3933	0.055	0.0544	0.0574	0.0562	0.056	0.0562	0.0541	0.0543	0.0563		
		0.056	0.0552	0.0587	0.0568	0.0559	0.0563	0.056	0.0554	0.0566	0.0584	0.0558	0.0559		
		
24:00	37.00	0.0546	0.0546	0.0556	0.055	0.0546	0.055	0.0556	0.054	0.0554	0.0565	0.0558	0.0562		
		0.0556	0.0467	1.33	0.0548	0.0536	0.053	0.0532	0.0545	0.0545	0.0578	0.0543	0.0559		
		0.0554	0.0458	1.4569	0.0538	0.0552	0.0526	0.0534	0.0563	0.054	0.0541	0.0542	0.0556		
		0.0554	0.0467	1.3308	0.0553	0.0543	0.0558	0.0541	0.0543	0.0542	0.0539	0.0536	0.0561		
		0.0557	0.0467	1.3493	0.054	0.057	0.0547	0.0547	0.0553	0.0565	0.0559	0.0547	0.0571		
		0.0557	0.0462	1.3336	0.0552	0.057	0.0561	0.0561	0.0564	0.0541	0.0555	0.0543	0.0567		
		0.0558	0.0464	1.3935	0.0552	0.0546	0.0573	0.0563	0.0558	0.0561	0.0543	0.0542	0.0561		
		0.0559	0.0552	0.0588	0.0568	0.0558	0.0562	0.056	0.0555	0.0566	0.0588	0.0558	0.056		
		
26:00	37.00	0.0545	0.0547	0.0555	0.055	0.0547	0.0551	0.0555	0.0541	0.0554	0.0564	0.0559	0.0559		
		0.0555	0.0462	1.33	0.0548	0.0535	0.0532	0.0532	0.0547	0.0546	0.0579	0.0544	0.0559		
		0.0554	0.0454	1.4592	0.0537	0.0549	0.0525	0.0534	0.0561	0.054	0.0543	0.0543	0.0557		
		0.0551	0.0465	1.3303	0.0552	0.054	0.0559	0.0541	0.0543	0.0544	0.0541	0.0538	0.0561		
		0.0556	0.0466	1.3488	0.0537	0.057	0.0547	0.0548	0.0554	0.0566	0.056	0.055	0.0573		
		0.0555	0.0463	1.3324	0.0552	0.0568	0.0561	0.0562	0.0564	0.0543	0.0556	0.0546	0.057		
		0.0557	0.0465	1.3913	0.055	0.0544	0.0575	0.0562	0.056	0.0563	0.0543	0.0544	0.0562		
		0.0559	0.0552	0.059	0.0567	0.0557	0.0562	0.0559	0.0554	0.0566	0.0586	0.0558	0.0559		
		
28:00	37.00	0.0545	0.0543	0.0554	0.0549	0.0545	0.0551	0.0555	0.054	0.0553	0.0563	0.0558	0.056		
		0.0555	0.0466	1.3294	0.0546	0.0536	0.0529	0.0531	0.0544	0.0544	0.0577	0.0543	0.0558		
		0.0553	0.046	1.4581	0.0537	0.055	0.0522	0.0534	0.0561	0.054	0.0541	0.0541	0.0555		
		0.0553	0.047	1.3326	0.0551	0.054	0.0557	0.0539	0.0543	0.054	0.0539	0.0535	0.056		
		0.0557	0.0469	1.3512	0.0538	0.0568	0.0545	0.0547	0.0551	0.0564	0.0558	0.0548	0.0571		
		0.0556	0.0466	1.3345	0.0552	0.0569	0.0559	0.056	0.0562	0.054	0.0552	0.0544	0.0568		
		0.0559	0.0466	1.3953	0.0551	0.0543	0.0574	0.0562	0.0558	0.056	0.054	0.0541	0.0561		
		0.056	0.0552	0.0587	0.0567	0.0558	0.0562	0.0559	0.0554	0.0565	0.0585	0.0557	0.0559		
		
30:00	37.00	0.0545	0.0546	0.0555	0.055	0.0546	0.055	0.0555	0.0539	0.0554	0.0564	0.0559	0.0561		
		0.0555	0.0464	1.3279	0.0546	0.0536	0.053	0.0531	0.0545	0.0546	0.0579	0.0542	0.0559		
		0.0554	0.0456	1.457	0.0537	0.0551	0.0526	0.0534	0.0561	0.0541	0.0542	0.0541	0.0555		
		0.0553	0.0466	1.3313	0.0551	0.0542	0.0558	0.054	0.0545	0.0542	0.0541	0.0537	0.0561		
		0.0557	0.0464	1.3487	0.0539	0.057	0.0548	0.0548	0.0554	0.0567	0.0561	0.0548	0.0571		
		0.0556	0.0462	1.3348	0.0552	0.057	0.0561	0.0562	0.0565	0.0543	0.0555	0.0544	0.0569		
		0.0557	0.0463	1.3928	0.0551	0.0545	0.0574	0.0564	0.0559	0.0563	0.0544	0.0543	0.056		
		0.0559	0.0551	0.0588	0.0567	0.0556	0.0563	0.0561	0.0554	0.0566	0.059	0.0558	0.0559		
		
32:00	37.00	0.0546	0.0544	0.0554	0.055	0.0548	0.0551	0.0557	0.0541	0.0555	0.0565	0.0559	0.056		
		0.0556	0.0463	1.3271	0.0548	0.0534	0.0531	0.0531	0.0546	0.0545	0.0577	0.0545	0.0558		
		0.0553	0.0454	1.46	0.0537	0.0548	0.0524	0.0532	0.0563	0.0542	0.0542	0.0542	0.0556		
		0.0554	0.0466	1.3331	0.055	0.0539	0.056	0.054	0.0544	0.0544	0.0541	0.0537	0.0561		
		0.0557	0.0465	1.3503	0.0537	0.0571	0.0546	0.0547	0.0553	0.0565	0.0561	0.0548	0.0573		
		0.0557	0.0464	1.3358	0.0551	0.0569	0.0561	0.0562	0.0563	0.0543	0.0555	0.0547	0.0569		
		0.0557	0.0467	1.3927	0.0551	0.0544	0.0574	0.0564	0.0562	0.0561	0.0543	0.0545	0.0563		
		0.0558	0.0552	0.0589	0.0568	0.0558	0.0562	0.0559	0.0554	0.0566	0.0583	0.0559	0.056		
		
34:00	37.00	0.0546	0.0545	0.0556	0.0551	0.0547	0.055	0.0556	0.0541	0.0555	0.0565	0.0559	0.0562		
		0.0556	0.0469	1.327	0.0548	0.0536	0.053	0.0532	0.0545	0.0545	0.0578	0.0544	0.0559		
		0.0554	0.0461	1.4583	0.0539	0.055	0.0525	0.0532	0.0562	0.0541	0.0542	0.0543	0.0556		
		0.0553	0.047	1.3359	0.0553	0.0542	0.0559	0.054	0.0543	0.0542	0.0539	0.0535	0.0562		
		0.0558	0.047	1.3542	0.0539	0.0571	0.0547	0.0548	0.0553	0.0565	0.0561	0.0547	0.0574		
		0.0559	0.0467	1.3378	0.0554	0.057	0.0562	0.0561	0.0563	0.0543	0.0554	0.0545	0.0568		
		0.0558	0.0468	1.3966	0.0552	0.0546	0.0574	0.0563	0.0559	0.0561	0.0541	0.0544	0.0562		
		0.0561	0.0553	0.0586	0.0569	0.0559	0.0562	0.0561	0.0555	0.0566	0.0585	0.0559	0.056		
		
36:00	37.00	0.0547	0.0546	0.0555	0.0551	0.0548	0.055	0.0555	0.054	0.0554	0.0564	0.056	0.0559		
		0.0556	0.0463	1.3259	0.0547	0.0536	0.0532	0.0533	0.0546	0.0546	0.0581	0.0544	0.056		
		0.0554	0.0456	1.4584	0.0538	0.055	0.0527	0.0534	0.0562	0.0541	0.0541	0.0542	0.0555		
		0.0554	0.0466	1.3348	0.0552	0.0541	0.0559	0.0541	0.0545	0.0544	0.0541	0.0536	0.0562		
		0.0558	0.0465	1.3521	0.0538	0.0572	0.0547	0.0547	0.0554	0.0568	0.0561	0.0548	0.0573		
		0.0557	0.0463	1.3365	0.0554	0.0569	0.0562	0.0562	0.0566	0.0543	0.0557	0.0546	0.0568		
		0.0557	0.0465	1.394	0.0552	0.0546	0.0575	0.0564	0.056	0.0564	0.0544	0.0544	0.0562		
		0.056	0.0552	0.059	0.0567	0.0559	0.0562	0.0561	0.0554	0.0566	0.0591	0.056	0.056		
		
38:00	37.00	0.0546	0.0545	0.0555	0.0551	0.0547	0.0551	0.0557	0.0541	0.0555	0.0565	0.056	0.0562		
		0.0556	0.0465	1.3259	0.0546	0.0536	0.0531	0.0531	0.0546	0.0544	0.0577	0.0545	0.0559		
		0.0553	0.0457	1.4597	0.0536	0.0549	0.0524	0.0533	0.0562	0.0542	0.0544	0.0543	0.0557		
		0.0552	0.0468	1.338	0.055	0.054	0.0559	0.054	0.0544	0.0543	0.054	0.0538	0.0562		
		0.0557	0.0467	1.3538	0.0538	0.057	0.0547	0.0547	0.0554	0.0566	0.0561	0.0549	0.0573		
		0.0557	0.0466	1.3374	0.0552	0.0568	0.056	0.0562	0.0565	0.0543	0.0556	0.0546	0.0569		
		0.0558	0.0468	1.3963	0.0551	0.0544	0.0574	0.0563	0.056	0.0562	0.0543	0.0544	0.0564		
		0.056	0.0554	0.0589	0.0568	0.0558	0.0562	0.0561	0.0555	0.0565	0.0585	0.0559	0.056		
		
40:00	37.00	0.0545	0.0545	0.0554	0.055	0.0546	0.0549	0.0555	0.054	0.0554	0.0565	0.0559	0.0561		
		0.0555	0.0468	1.3272	0.0547	0.0535	0.053	0.053	0.0546	0.0545	0.0577	0.0544	0.0558		
		0.0553	0.0461	1.4566	0.0537	0.0551	0.0525	0.0534	0.0561	0.054	0.0541	0.0541	0.0557		
		0.0553	0.047	1.3411	0.0553	0.0541	0.0558	0.054	0.0544	0.0541	0.0539	0.0535	0.0561		
		0.0557	0.0469	1.3547	0.0538	0.0571	0.0546	0.0547	0.0552	0.0565	0.056	0.0546	0.0571		
		0.0556	0.0468	1.3408	0.0553	0.0569	0.0561	0.0561	0.0563	0.0541	0.0554	0.0544	0.0568		
		0.0558	0.0466	1.4009	0.0553	0.0545	0.0574	0.0563	0.0559	0.0561	0.0541	0.0542	0.0562		
		0.056	0.0553	0.0586	0.0569	0.0557	0.0562	0.056	0.0555	0.0566	0.0585	0.0559	0.056		
		
42:00	37.00	0.0546	0.0544	0.0555	0.0549	0.0547	0.055	0.0555	0.054	0.0552	0.0564	0.0558	0.056		
		0.0556	0.0465	1.3255	0.0546	0.0535	0.0531	0.0532	0.0546	0.0545	0.0578	0.0543	0.0558		
		0.0554	0.0455	1.4563	0.0538	0.055	0.0526	0.0533	0.0562	0.054	0.0541	0.0541	0.0554		
		0.0553	0.0465	1.3405	0.0551	0.0541	0.0558	0.054	0.0544	0.0542	0.0541	0.0537	0.0559		
		0.0556	0.0465	1.3506	0.0538	0.057	0.0546	0.0547	0.0553	0.0568	0.056	0.0547	0.0572		
		0.0555	0.0462	1.3394	0.0553	0.0568	0.0561	0.0561	0.0564	0.0543	0.0555	0.0546	0.0568		
		0.0557	0.0464	1.3992	0.0552	0.0545	0.0574	0.0563	0.0559	0.0561	0.0545	0.0543	0.0561		
		0.0559	0.0551	0.0588	0.0568	0.0558	0.0561	0.0559	0.0554	0.0566	0.059	0.0558	0.0561		
		
44:00	37.00	0.0546	0.0545	0.0554	0.055	0.0547	0.0551	0.0556	0.0542	0.0555	0.0566	0.0561	0.0561		
		0.0555	0.0464	1.3266	0.0547	0.0536	0.0531	0.0531	0.0546	0.0545	0.0579	0.0545	0.056		
		0.0553	0.0458	1.4584	0.0538	0.0548	0.0523	0.0533	0.0562	0.0541	0.0543	0.0543	0.0555		
		0.0554	0.047	1.3414	0.055	0.0541	0.0558	0.054	0.0544	0.0543	0.0541	0.0538	0.0561		
		0.0557	0.0467	1.3514	0.0537	0.0569	0.0545	0.0547	0.0554	0.0566	0.056	0.0549	0.0574		
		0.0556	0.0468	1.342	0.0553	0.0567	0.056	0.056	0.0563	0.0542	0.0556	0.0546	0.0569		
		0.0558	0.0469	1.4013	0.0551	0.0545	0.0573	0.0563	0.0561	0.0562	0.0542	0.0544	0.0563		
		0.0561	0.0553	0.0589	0.0569	0.0559	0.0562	0.0561	0.0555	0.0566	0.0585	0.0559	0.056		
		
46:00	37.00	0.0545	0.0545	0.0555	0.0549	0.0546	0.055	0.0555	0.0541	0.0554	0.0564	0.0557	0.056		
		0.0555	0.0468	1.3281	0.0546	0.0535	0.0529	0.053	0.0546	0.0544	0.0576	0.0543	0.0558		
		0.0554	0.0461	1.4561	0.0537	0.0551	0.0524	0.0532	0.0561	0.054	0.054	0.0541	0.0555		
		0.0553	0.0471	1.3427	0.055	0.0541	0.0558	0.0539	0.0543	0.054	0.054	0.0535	0.056		
		0.0557	0.0469	1.3501	0.0538	0.057	0.0545	0.0546	0.0551	0.0564	0.0558	0.0546	0.0571		
		0.0556	0.0468	1.3455	0.0553	0.0569	0.0559	0.056	0.0563	0.054	0.0554	0.0544	0.0566		
		0.0558	0.0467	1.4024	0.0552	0.0545	0.0574	0.0563	0.056	0.056	0.054	0.0541	0.0561		
		0.056	0.0552	0.0585	0.0568	0.0558	0.0562	0.0558	0.0554	0.0564	0.0586	0.0558	0.056		
		
48:00	37.00	0.0546	0.0545	0.0554	0.055	0.0548	0.055	0.0554	0.0541	0.0555	0.0563	0.0559	0.056		
		0.0556	0.0465	1.3263	0.0546	0.0536	0.053	0.0532	0.0546	0.0546	0.0579	0.0543	0.0559		
		0.0553	0.0456	1.4548	0.0537	0.055	0.0526	0.0534	0.0562	0.0541	0.0541	0.0542	0.0555		
		0.0554	0.0466	1.3422	0.0551	0.0542	0.056	0.0541	0.0544	0.0543	0.0541	0.0536	0.056		
		0.0556	0.0465	1.3478	0.0538	0.057	0.0548	0.0547	0.0553	0.0569	0.0562	0.0548	0.0573		
		0.0556	0.046	1.3425	0.0554	0.0569	0.0562	0.0561	0.0565	0.0543	0.0556	0.0545	0.0569		
		0.0557	0.0465	1.4008	0.0551	0.0545	0.0574	0.0563	0.0559	0.0563	0.0544	0.0544	0.0562		
		0.0559	0.0552	0.0589	0.0568	0.0557	0.056	0.056	0.0554	0.0568	0.0589	0.0559	0.056		
		
50:00	37.00	0.0545	0.0545	0.0554	0.055	0.0547	0.0549	0.0555	0.0541	0.0555	0.0565	0.056	0.0561		
		0.0556	0.0468	1.3278	0.0547	0.0535	0.0531	0.053	0.0545	0.0545	0.0578	0.0544	0.056		
		0.0553	0.0458	1.4566	0.0537	0.0549	0.0524	0.0532	0.0562	0.054	0.0542	0.0542	0.0556		
		0.0553	0.047	1.3449	0.055	0.054	0.0558	0.054	0.0544	0.0542	0.054	0.0536	0.0561		
		0.0558	0.047	1.3478	0.0537	0.0569	0.0546	0.0547	0.0553	0.0567	0.056	0.0549	0.0573		
		0.0556	0.0464	1.3456	0.0552	0.0568	0.056	0.0561	0.0562	0.0541	0.0555	0.0545	0.057		
		0.0558	0.0469	1.4026	0.0551	0.0544	0.0573	0.0563	0.0561	0.0562	0.0541	0.0541	0.0562		
		0.0559	0.0553	0.0587	0.0568	0.0559	0.0563	0.0559	0.0554	0.0565	0.0585	0.0558	0.056		
		
52:00	37.00	0.0546	0.0545	0.0556	0.0551	0.0546	0.0551	0.0554	0.0541	0.0554	0.0564	0.0559	0.0561		
		0.0558	0.0472	1.3284	0.0547	0.0536	0.0531	0.0531	0.0544	0.0545	0.0577	0.0544	0.0558		
		0.0554	0.046	1.4548	0.0538	0.0551	0.0527	0.0533	0.0561	0.0541	0.0541	0.0542	0.0553		
		0.0553	0.0471	1.3469	0.0553	0.0542	0.0558	0.0541	0.0543	0.0541	0.054	0.0536	0.056		
		0.0558	0.047	1.3488	0.0539	0.057	0.0546	0.0547	0.0553	0.0565	0.056	0.0547	0.0573		
		0.0556	0.0463	1.3492	0.0554	0.0569	0.0562	0.0561	0.0564	0.0541	0.0555	0.0545	0.0568		
		0.0557	0.0467	1.4031	0.0553	0.0546	0.0574	0.0562	0.0559	0.0561	0.0542	0.0543	0.0563		
		0.056	0.0553	0.0587	0.0568	0.0558	0.0563	0.0559	0.0556	0.0567	0.0587	0.0558	0.0559		
		
54:00	37.00	0.0545	0.0545	0.0556	0.055	0.0547	0.0549	0.0555	0.0542	0.0554	0.0565	0.0558	0.0561		
		0.0555	0.0465	1.3274	0.0547	0.0536	0.0532	0.0531	0.0545	0.0546	0.058	0.0543	0.0557		
		0.0554	0.0456	1.4535	0.0537	0.055	0.0526	0.0532	0.056	0.0541	0.0541	0.0541	0.0556		
		0.0552	0.0466	1.3456	0.055	0.054	0.0559	0.0541	0.0544	0.0543	0.0541	0.0539	0.056		
		0.0556	0.0467	1.3484	0.0539	0.057	0.0547	0.0548	0.0553	0.0566	0.056	0.0548	0.0573		
		0.0556	0.0462	1.3454	0.0553	0.0568	0.0561	0.0562	0.0566	0.0542	0.0556	0.0546	0.057		
		0.0556	0.0467	1.4015	0.0551	0.0544	0.0574	0.0563	0.0558	0.0563	0.0544	0.0544	0.0562		
		0.056	0.0553	0.059	0.0568	0.0558	0.0562	0.0559	0.0553	0.0566	0.0589	0.0558	0.0561		
		
56:00	37.00	0.0545	0.0546	0.0556	0.055	0.0547	0.0552	0.0555	0.0541	0.0554	0.0565	0.0559	0.0561		
		0.0556	0.047	1.3283	0.0548	0.0536	0.053	0.0531	0.0545	0.0546	0.0578	0.0544	0.0561		
		0.0554	0.0459	1.4553	0.0536	0.0548	0.0525	0.0533	0.0561	0.0541	0.0542	0.0543	0.0556		
		0.0554	0.047	1.3479	0.0552	0.054	0.0559	0.0541	0.0543	0.0542	0.0541	0.0537	0.0561		
		0.0558	0.0471	1.3483	0.0539	0.057	0.0545	0.0547	0.0553	0.0566	0.0561	0.0549	0.0574		
		0.0557	0.0465	1.3494	0.0552	0.0568	0.0561	0.0562	0.0563	0.0541	0.0556	0.0547	0.0569		
		0.0557	0.0469	1.4031	0.055	0.0544	0.0574	0.0564	0.0559	0.0562	0.0541	0.0544	0.0563		
		0.056	0.0554	0.0588	0.0568	0.0558	0.0562	0.0559	0.0554	0.0566	0.0585	0.0559	0.056		
		
58:00	37.00	0.0545	0.0545	0.0555	0.055	0.0547	0.0549	0.0554	0.0539	0.0553	0.0564	0.0558	0.0561		
		0.0556	0.047	1.327	0.0546	0.0536	0.0531	0.0532	0.0545	0.0545	0.0578	0.0543	0.0557		
		0.0554	0.046	1.4532	0.0538	0.0551	0.0526	0.0532	0.0561	0.0538	0.054	0.0541	0.0554		
		0.0553	0.047	1.3482	0.0552	0.0542	0.0558	0.054	0.0543	0.0542	0.054	0.0535	0.056		
		0.0556	0.0469	1.3486	0.0538	0.057	0.0546	0.0547	0.0551	0.0565	0.0559	0.0547	0.0571		
		0.0556	0.0464	1.3504	0.0553	0.057	0.0561	0.0561	0.0564	0.0541	0.0553	0.0545	0.0568		
		0.0557	0.0466	1.4033	0.0553	0.0545	0.0575	0.0563	0.0558	0.056	0.0542	0.0542	0.0563		
		0.0559	0.0552	0.0588	0.0568	0.0559	0.0562	0.0561	0.0555	0.0567	0.0587	0.0558	0.0559		
		
1:00:00	37.00	0.0547	0.0545	0.0554	0.0551	0.0546	0.055	0.0556	0.054	0.0555	0.0565	0.0559	0.0559		
		0.0555	0.0465	1.3258	0.0548	0.0536	0.0532	0.0532	0.0546	0.0545	0.058	0.0544	0.0558		
		0.0554	0.0455	1.4506	0.0537	0.0551	0.0524	0.0533	0.0562	0.0541	0.0541	0.0541	0.0553		
		0.0552	0.0467	1.3469	0.0551	0.0541	0.0558	0.0542	0.0544	0.0542	0.054	0.0538	0.0561		
		0.0557	0.0467	1.3483	0.0537	0.057	0.0547	0.0547	0.0554	0.0567	0.056	0.055	0.0572		
		0.0555	0.0462	1.3466	0.0553	0.057	0.0561	0.0563	0.0564	0.0542	0.0556	0.0545	0.0569		
		0.0556	0.0468	1.4007	0.0551	0.0544	0.0575	0.0563	0.056	0.0563	0.0544	0.0546	0.0562		
		0.056	0.0552	0.059	0.0566	0.0558	0.0562	0.056	0.0553	0.0567	0.0589	0.0559	0.0561		
		
1:02:00	37.00	0.0545	0.0546	0.0555	0.055	0.0546	0.055	0.0554	0.0541	0.0554	0.0565	0.056	0.056		
		0.0556	0.047	1.3248	0.0546	0.0535	0.053	0.0531	0.0545	0.0545	0.0578	0.0544	0.0559		
		0.0553	0.046	1.4524	0.0536	0.0549	0.0523	0.0533	0.0561	0.0542	0.0542	0.0543	0.0556		
		0.0553	0.0471	1.3476	0.055	0.0541	0.0559	0.0539	0.0544	0.054	0.0541	0.0537	0.056		
		0.0556	0.0472	1.3502	0.0537	0.057	0.0545	0.0546	0.0553	0.0566	0.0561	0.0549	0.0573		
		0.0557	0.0467	1.3512	0.0553	0.0568	0.056	0.056	0.0562	0.0541	0.0554	0.0547	0.0569		
		0.0558	0.0469	1.4024	0.0551	0.0543	0.0574	0.0563	0.0559	0.056	0.0541	0.0542	0.0563		
		0.0561	0.0554	0.0588	0.0568	0.0558	0.0562	0.056	0.0554	0.0566	0.0584	0.0559	0.0561		
		
1:04:00	37.00	0.0546	0.0546	0.0555	0.055	0.0546	0.055	0.0555	0.054	0.0553	0.0564	0.0557	0.0562		
		0.0556	0.0471	1.3236	0.0547	0.0536	0.053	0.0532	0.0544	0.0544	0.0577	0.0544	0.056		
		0.0553	0.0461	1.4498	0.0537	0.0552	0.0525	0.0534	0.0561	0.054	0.0539	0.0542	0.0553		
		0.0552	0.0471	1.3478	0.0551	0.0541	0.0558	0.054	0.0544	0.0542	0.0539	0.0534	0.0561		
		0.0557	0.047	1.3503	0.0539	0.057	0.0547	0.0546	0.0552	0.0564	0.0559	0.0547	0.0571		
		0.0557	0.0463	1.3521	0.0553	0.057	0.0562	0.0561	0.0563	0.0541	0.0554	0.0544	0.0569		
		0.0558	0.0467	1.4017	0.0551	0.0546	0.0576	0.0563	0.056	0.0561	0.0542	0.0542	0.0563		
		0.0558	0.0552	0.0587	0.0568	0.0558	0.0562	0.0559	0.0554	0.0566	0.0588	0.0558	0.0559		
		
1:06:00	37.00	0.0546	0.0545	0.0554	0.055	0.0547	0.0551	0.0555	0.0541	0.0554	0.0566	0.0558	0.056		
		0.0556	0.0466	1.3227	0.0547	0.0536	0.0532	0.0532	0.0546	0.0545	0.0581	0.0546	0.0558		
		0.0553	0.0456	1.448	0.0537	0.055	0.0525	0.0534	0.0563	0.0541	0.0542	0.0543	0.0555		
		0.0553	0.0468	1.3471	0.0552	0.0541	0.0559	0.0541	0.0544	0.0543	0.0541	0.0538	0.0561		
		0.0557	0.0468	1.3488	0.0537	0.057	0.0547	0.0548	0.0554	0.0567	0.0561	0.0551	0.0574		
		0.0556	0.0464	1.3498	0.0551	0.0571	0.0561	0.0563	0.0565	0.0543	0.0555	0.0546	0.0569		
		0.0557	0.0469	1.4006	0.0551	0.0544	0.0576	0.0564	0.056	0.0562	0.0544	0.0545	0.0563		
		0.056	0.0551	0.0592	0.0567	0.0558	0.0562	0.0561	0.0555	0.0566	0.0589	0.0559	0.0559		
		
1:08:00	37.00	0.0545	0.0545	0.0553	0.055	0.0546	0.0549	0.0555	0.054	0.0553	0.0565	0.056	0.0561		
		0.0555	0.0467	1.3225	0.0547	0.0534	0.053	0.053	0.0546	0.0545	0.0577	0.0544	0.0559		
		0.0554	0.0462	1.4491	0.0537	0.0547	0.0523	0.0533	0.0562	0.0541	0.0541	0.0543	0.0554		
		0.0552	0.0472	1.3471	0.055	0.054	0.0559	0.054	0.0543	0.0541	0.054	0.0537	0.0562		
		0.0557	0.047	1.3491	0.0538	0.057	0.0545	0.0547	0.0553	0.0565	0.056	0.0548	0.0573		
		0.0556	0.0471	1.3538	0.0551	0.0568	0.056	0.0561	0.0563	0.0541	0.0555	0.0544	0.0569		
		0.0557	0.047	1.4002	0.0551	0.0544	0.0573	0.0562	0.0559	0.0561	0.0542	0.0543	0.0562		
		0.056	0.0553	0.0589	0.0568	0.0557	0.0561	0.056	0.0554	0.0567	0.0584	0.0558	0.056		
		
1:10:00	37.00	0.0546	0.0545	0.0555	0.055	0.0547	0.055	0.0555	0.0539	0.0553	0.0566	0.0558	0.056		
		0.0556	0.0468	1.3218	0.0548	0.0536	0.0531	0.0532	0.0545	0.0544	0.0578	0.0544	0.0558		
		0.0554	0.046	1.4472	0.0538	0.0552	0.0525	0.0533	0.0561	0.054	0.0541	0.0541	0.0554		
		0.0554	0.0471	1.3464	0.0552	0.0542	0.0558	0.054	0.0543	0.0541	0.054	0.0535	0.0561		
		0.0556	0.0468	1.3508	0.054	0.0571	0.0546	0.0547	0.0553	0.0565	0.0559	0.0547	0.0571		
		0.0557	0.0468	1.3543	0.0553	0.057	0.0562	0.0561	0.0565	0.054	0.0555	0.0544	0.0568		
		0.0557	0.0465	1.3994	0.0551	0.0547	0.0575	0.0563	0.056	0.056	0.0541	0.0543	0.0561		
		0.0559	0.0552	0.0588	0.0568	0.0558	0.0562	0.056	0.0554	0.0567	0.0587	0.0559	0.0559		
		
1:12:00	37.00	0.0546	0.0546	0.0554	0.055	0.0547	0.0551	0.0556	0.054	0.0555	0.0566	0.056	0.0562		
		0.0556	0.0463	1.3216	0.0548	0.0537	0.0531	0.0533	0.0547	0.0545	0.058	0.0544	0.0559		
		0.0554	0.0457	1.4445	0.0536	0.055	0.0527	0.0534	0.0563	0.0541	0.0542	0.0543	0.0556		
		0.0554	0.0469	1.3458	0.0551	0.0542	0.0559	0.0542	0.0545	0.0543	0.0541	0.0538	0.0561		
		0.0557	0.0467	1.3502	0.0539	0.0571	0.0548	0.0548	0.0555	0.0567	0.0562	0.055	0.0573		
		0.0556	0.0469	1.3517	0.0553	0.057	0.0561	0.0563	0.0567	0.0544	0.0558	0.0546	0.057		
		0.0558	0.0469	1.3978	0.0552	0.0545	0.0575	0.0564	0.056	0.0563	0.0544	0.0546	0.0564		
		0.056	0.0552	0.0592	0.0567	0.0559	0.0563	0.056	0.0556	0.0567	0.059	0.056	0.056		
		
1:14:00	37.00	0.0546	0.0544	0.0554	0.0549	0.0545	0.055	0.0555	0.0542	0.0554	0.0564	0.0559	0.0562		
		0.0555	0.0467	1.3194	0.0546	0.0535	0.053	0.0531	0.0546	0.0546	0.0577	0.0545	0.0558		
		0.0554	0.046	1.4421	0.0535	0.055	0.0524	0.0533	0.0561	0.0541	0.0541	0.0541	0.0556		
		0.0552	0.0472	1.3434	0.055	0.054	0.0557	0.0539	0.0544	0.0542	0.054	0.0537	0.056		
		0.0556	0.0471	1.3514	0.0538	0.057	0.0545	0.0547	0.0552	0.0566	0.0559	0.0549	0.0573		
		0.0555	0.0474	1.3537	0.0552	0.0569	0.0561	0.0561	0.0563	0.0543	0.0554	0.0545	0.0568		
		0.0557	0.0469	1.3957	0.0551	0.0544	0.0573	0.0562	0.0559	0.0561	0.0541	0.0543	0.0563		
		0.056	0.0553	0.0586	0.0569	0.0558	0.0562	0.056	0.0554	0.0566	0.0584	0.0559	0.0559		
		
1:16:00	37.00	0.0546	0.0545	0.0555	0.0551	0.0546	0.055	0.0555	0.054	0.0554	0.0564	0.0559	0.0561		
		0.0556	0.0472	1.3194	0.0547	0.0537	0.0533	0.0532	0.0546	0.0544	0.0579	0.0544	0.0559		
		0.0555	0.0461	1.4433	0.0537	0.0552	0.0526	0.0534	0.0561	0.054	0.0539	0.0541	0.0556		
		0.0553	0.0472	1.3439	0.0552	0.0542	0.0559	0.0539	0.0542	0.0541	0.0539	0.0535	0.0561		
		0.0557	0.0471	1.3515	0.0539	0.0571	0.0548	0.0547	0.0553	0.0565	0.056	0.0547	0.0571		
		0.0556	0.0465	1.3531	0.0553	0.057	0.0562	0.0561	0.0564	0.054	0.0555	0.0546	0.0567		
		0.0557	0.0469	1.395	0.0553	0.0546	0.0573	0.0563	0.056	0.0561	0.0541	0.0543	0.0561		
		0.056	0.0553	0.0587	0.0568	0.0558	0.0562	0.056	0.0555	0.0566	0.0588	0.0558	0.0559		
		
1:18:00	37.00	0.0546	0.0544	0.0555	0.0551	0.0547	0.0551	0.0555	0.054	0.0554	0.0565	0.0558	0.056		
		0.0556	0.0467	1.3186	0.0547	0.0535	0.0531	0.0531	0.0546	0.0545	0.058	0.0542	0.0557		
		0.0553	0.0456	1.4412	0.0536	0.0549	0.0525	0.0534	0.056	0.054	0.0542	0.0541	0.0555		
		0.0552	0.0467	1.3445	0.055	0.0541	0.0559	0.0541	0.0543	0.0542	0.0541	0.0536	0.0561		
		0.0556	0.0468	1.3506	0.0538	0.057	0.0547	0.0547	0.0554	0.0567	0.0561	0.0549	0.0572		
		0.0555	0.0466	1.3505	0.0552	0.0569	0.0561	0.0563	0.0564	0.0543	0.0555	0.0545	0.0569		
		0.0557	0.0469	1.394	0.0552	0.0544	0.0574	0.0561	0.0559	0.0562	0.0545	0.0545	0.0562		
		0.0559	0.0552	0.059	0.0566	0.0558	0.0562	0.0561	0.0554	0.0566	0.0588	0.0559	0.0559		
		
1:20:00	37.00	0.0544	0.0545	0.0553	0.0548	0.0546	0.0549	0.0553	0.0541	0.0554	0.0564	0.0558	0.0559		
		0.0555	0.0471	1.3173	0.0546	0.0535	0.0529	0.053	0.0544	0.0545	0.0577	0.0543	0.0559		
		0.0552	0.0462	1.4424	0.0536	0.0548	0.0523	0.0532	0.056	0.054	0.0539	0.0542	0.0556		
		0.0552	0.0473	1.343	0.055	0.054	0.0558	0.0539	0.0542	0.0541	0.0539	0.0535	0.056		
		0.0556	0.0472	1.3513	0.0537	0.0569	0.0545	0.0547	0.055	0.0564	0.0562	0.0547	0.0573		
		0.0556	0.0468	1.3512	0.0553	0.0568	0.0559	0.056	0.0561	0.0542	0.0556	0.0544	0.0568		
		0.0556	0.047	1.3918	0.055	0.0544	0.0574	0.0563	0.0558	0.056	0.054	0.0542	0.0563		
		0.056	0.0552	0.0587	0.0568	0.0557	0.0561	0.0559	0.0554	0.0565	0.0584	0.0559	0.0559		
		
1:22:00	37.00	0.0546	0.0544	0.0554	0.0551	0.0546	0.055	0.0555	0.054	0.0554	0.0562	0.0559	0.0559		
		0.0556	0.047	1.3159	0.0546	0.0535	0.0531	0.0531	0.0546	0.0546	0.0578	0.0544	0.0559		
		0.0554	0.0461	1.4396	0.0537	0.055	0.0526	0.0533	0.0561	0.054	0.0539	0.0541	0.0554		
		0.0553	0.0471	1.3426	0.0551	0.0541	0.0558	0.054	0.0542	0.0542	0.0538	0.0535	0.0559		
		0.0556	0.0469	1.3512	0.0539	0.057	0.0547	0.0548	0.0551	0.0565	0.0558	0.0547	0.0571		
		0.0556	0.0464	1.3489	0.0553	0.0569	0.056	0.056	0.0563	0.0541	0.0555	0.0544	0.0567		
		0.0556	0.0467	1.3899	0.0551	0.0546	0.0574	0.0564	0.056	0.056	0.0541	0.0542	0.0563		
		0.0559	0.0552	0.0587	0.0568	0.0558	0.0562	0.0559	0.0554	0.0566	0.0589	0.0559	0.0559		
		
1:24:00	37.00	0.0546	0.0544	0.0554	0.055	0.0546	0.055	0.0555	0.0541	0.0553	0.0565	0.0559	0.056		
		0.0555	0.0467	1.3157	0.0545	0.0536	0.053	0.0532	0.0546	0.0544	0.0578	0.0543	0.0559		
		0.0554	0.0457	1.4378	0.0537	0.0549	0.0526	0.0532	0.0562	0.0541	0.0541	0.0543	0.0554		
		0.0553	0.0468	1.3431	0.055	0.054	0.0558	0.054	0.0544	0.0541	0.0541	0.0538	0.0559		
		0.0556	0.0469	1.3516	0.0536	0.0569	0.0547	0.0548	0.0554	0.0567	0.0561	0.0549	0.0571		
		0.0554	0.0467	1.3488	0.0552	0.0567	0.0562	0.0562	0.0564	0.0542	0.0557	0.0546	0.0567		
		0.0557	0.0471	1.3897	0.0549	0.0544	0.0575	0.0563	0.0561	0.0562	0.0543	0.0545	0.0562		
		0.056	0.0553	0.059	0.0567	0.0558	0.0561	0.0559	0.0555	0.0565	0.0586	0.0558	0.056		
		
1:26:00	37.00	0.0545	0.0545	0.0554	0.0548	0.0546	0.0549	0.0555	0.054	0.0555	0.0564	0.0558	0.0561		
		0.0556	0.0472	1.3134	0.0545	0.0534	0.053	0.053	0.0545	0.0544	0.0578	0.0544	0.0558		
		0.0554	0.0463	1.4393	0.0537	0.0548	0.0524	0.0532	0.056	0.054	0.0541	0.0541	0.0555		
		0.0553	0.0475	1.3394	0.0551	0.054	0.0558	0.0539	0.0544	0.054	0.054	0.0536	0.0561		
		0.0557	0.0473	1.352	0.0537	0.0569	0.0545	0.0546	0.0552	0.0564	0.0558	0.0548	0.0574		
		0.0556	0.047	1.3468	0.0552	0.0567	0.056	0.056	0.0562	0.0539	0.0553	0.0544	0.0568		
		0.0558	0.0473	1.3867	0.0551	0.0543	0.0573	0.0563	0.0558	0.0558	0.054	0.0542	0.0563		
		0.0561	0.0553	0.0588	0.0569	0.0558	0.0561	0.0559	0.0555	0.0566	0.0584	0.0558	0.0558		
		
1:28:00	37.00	0.0545	0.0544	0.0555	0.055	0.0547	0.0549	0.0554	0.0541	0.0553	0.0564	0.0558	0.056		
		0.0556	0.0468	1.3121	0.0547	0.0536	0.0533	0.0531	0.0544	0.0545	0.0577	0.0543	0.0558		
		0.0554	0.0459	1.436	0.0537	0.055	0.0526	0.0532	0.0561	0.054	0.0542	0.0542	0.0554		
		0.0552	0.047	1.3389	0.0553	0.0543	0.0558	0.054	0.0543	0.0541	0.0539	0.0535	0.0559		
		0.0556	0.0469	1.3522	0.054	0.0571	0.0545	0.0548	0.0553	0.0564	0.0559	0.0547	0.0572		
		0.0556	0.0466	1.3446	0.0553	0.057	0.0561	0.0561	0.0564	0.0543	0.0554	0.0545	0.0569		
		0.0557	0.0468	1.385	0.0553	0.0545	0.0574	0.0564	0.0559	0.0564	0.0541	0.0543	0.0563		
		0.0559	0.0553	0.0588	0.0567	0.0558	0.0562	0.056	0.0555	0.0566	0.0589	0.0558	0.056		
		
1:30:00	37.00	0.0545	0.0546	0.0555	0.0551	0.0547	0.0551	0.0557	0.0542	0.0555	0.0564	0.0561	0.0561		
		0.0556	0.0468	1.312	0.0547	0.0536	0.0531	0.0533	0.0547	0.0547	0.058	0.0544	0.0559		
		0.0554	0.0458	1.4354	0.0537	0.0549	0.0524	0.0533	0.0562	0.0541	0.0543	0.0543	0.0556		
		0.0553	0.047	1.3394	0.0551	0.0541	0.056	0.054	0.0544	0.0544	0.0542	0.0538	0.056		
		0.0557	0.0472	1.3523	0.0538	0.057	0.0547	0.0549	0.0556	0.0567	0.0562	0.055	0.0574		
		0.0555	0.0469	1.3457	0.0551	0.057	0.0562	0.0562	0.0565	0.0543	0.0555	0.0546	0.057		
		0.0556	0.0474	1.3846	0.055	0.0546	0.0574	0.0565	0.056	0.0563	0.0543	0.0544	0.0562		
		0.0559	0.0552	0.0593	0.0569	0.0557	0.0563	0.0561	0.0554	0.0567	0.0586	0.056	0.0561		
		
Time(hh:mm:ss)		1	2	3	4	5	6	7	8	9	10	11	12		
		NoFit	NoFit	0	NoFit	NoFit	0	-0.007738	NoFit	0	0	NoFit	0	
		0	-0.001667	-0.182418	0	0	0	0	0	NoFit	0.000951	NoFit	0	
		0	-0.000357	-0.133642	0	0	0.05	NoFit	-0.002857	NoFit	0	NoFit	NoFit	
		NoFit	0.004804	0.208763	-0.01	0	0	0.002308	0	0	0.005	-0.001786	NoFit	
		0	0.007152	0.040074	0	0.025	0	0.000401	0.003333	-0.000689	-0.008929	-0.03	0.01	
		NoFit	0.006899	0.250053	NoFit	0	-0.004286	0	-0.002424	0	0.002198	0.008929	0.001045	
		0	0.018485	-0.073985	0.001538	0.000342	0.00033	-0.005	-0.001786	0.0075	-0.000122	-0.000714	0.002273	
		0	NoFit	0.001341	0.005	-0.000281	-0.000435	0.000819	-0.001786	-0.001099	0.004662	0	-0.001329	
~End
Group:	Standards	1
Sample	Conc	BackCalcConc	Wells	OD	AvgOD	SD	CV

Smallest standard value =  

Largest standard value =  

~End
Group:	Unknowns	1
Sample	Wells	OD	R	Conc	AvgConc	SD	CV	Dilution	AdjConc

R - Outside standard range  

~End
Group:	UnknownsNoDiln	1
Sample	Wells	OD	R	Conc	AvgConc	SD	CV

R - Outside standard range  

~End
Original Filename: SoftMaxData 01-10-19-183559.pda   Date Last Saved: 1/10/2019
Instrument type: Instrument serial number:
